0 1625.67 1097.33 1611.83 1591.78 1545.92 1619.95 1655.4 1494.35 1729.51 1523.2 1579.97 1650.03 1678.65 1882.19 1749.4 1482.14 1512.64 1594.07 1604.59 1589.96 1615.87 1691.24 1669.68 1589.61 1586.07 1097.44 1108.89 1633.16 1078.69
1625.67 0 1366.8 1308.68 1269.04 1280.71 1270.67 1338.27 1222.67 1355.65 1202.72 1229.99 1350.44 1311.14 1223.26 1105.61 1282.09 1390.39 1284.22 1253.43 1268.3 1289.29 1305.17 1286.51 1273.5 1238.55 1450.33 1426.82 1109.56 1423.79
1097.33 1366.8 0 1201.1 1201.75 1227.04 1203.68 1193.38 1194.01 1317.46 1138.78 1174.63 1235.47 1233.97 1485.06 1344.67 1284.91 1375.2 1139 1111.36 1168.47 1170.73 1249.61 1236.45 1176.14 1175.58 1299.94 1283.05 1630.74 1256.81
1611.83 1308.68 1201.1 0 823.984 807.532 739.515 793.876 863.122 1004.03 878.507 903.325 838.087 881.613 1295.71 949.234 1032.79 1111.28 819.084 873.599 847.604 818.411 859.749 794.346 706.042 913.413 1467.09 1459.09 1563.2 1481.56
1591.78 1269.04 1201.75 823.984 0 571.816 705.621 801.633 722.438 914.219 768.039 823.28 821.956 835.126 1127.36 1014.43 900.124 1026.48 794.079 768.449 581.12 820.039 846.435 817.614 717.424 908.623 1385.66 1363.46 1645.12 1423.8
1545.92 1280.71 1227.04 807.532 571.816 0 726.643 815.494 722.958 873.39 783.678 831.944 786.623 798.699 1128.68 920.359 914.085 945.971 740.861 748.906 506.132 836.819 819.677 802.018 680.083 895.263 1376.5 1353.33 1583.83 1417.23
1619.95 1270.67 1203.68 739.515 705.621 726.643 0 784.349 797.478 954.531 709.469 856.127 795.667 869.177 1179.24 1025.3 1018.63 1064.56 828.078 775.806 717.192 791.128 844.052 798.114 707.469 887.894 1422.24 1400.46 1582.35 1482.62
1655.4 1338.27 1193.38 793.876 801.633 815.494 784.349 0 857.359 952.585 881.07 840.402 708.755 728.514 1251.58 1000.47 1018.94 1001.43 876.052 750.932 841.807 721.071 762.153 661.38 764.61 948.259 1494.3 1476.37 1609.55 1491.07
1494.35 1222.67 1194.01 863.122 722.438 722.958 797.478 857.359 0 849.12 747.398 756.453 832.148 817.143 1110.79 962.442 863.836 958.664 742.031 731.989 734.306 849.207 810.897 837.782 747.028 864.196 1435.65 1424.18 1665 1434.96
1729.51 1355.65 1317.46 1004.03 914.219 873.39 954.531 952.585 849.12 0 958.419 892.137 898.311 834.538 1157.56 971.268 957.86 1015.11 957.603 833.203 925.715 805.467 863.75 840.468 908.061 888.163 1416.22 1405.6 1641.66 1431.68
1523.2 1202.72 1138.78 878.507 768.039 783.678 709.469 881.07 747.398 958.419 0 773.623 865.737 870.487 1142.81 988.743 931.077 1047.13 801.255 720.954 754.384 818.517 876.459 870.841 811.954 916.644 1405.55 1385.54 1659.8 1423.52
1579.97 1229.99 1174.63 903.325 823.28 831.944 856.127 840.402 756.453 892.137 773.623 0 868.969 808.839 1170.64 1037.18 963.497 989.635 823.367 742.668 868.202 778.161 769.9 822.235 861.558 886.816 1485.07 1470.04 1659.6 1478.35
1650.03 1350.44 1235.47 838.087 821.956 786.623 795.667 708.755 832.148 898.311 865.737 868.969 0 816.108 1203.45 1023.06 1000.76 1027.41 864.909 828.166 788.175 744.362 834.819 710.542 766.422 918.987 1494.91 1476.98 1603.36 1507.41
1678.65 1311.14 1233.97 881.613 835.126 798.699 869.177 728.514 817.143 834.538 870.487 808.839 816.108 0 1235.86 971.732 999.967 853.913 859.61 793.535 889.628 747.799 639.978 690.957 834.475 900.887 1565.83 1537.36 1691.72 1585.94
1882.19 1223.26 1485.06 1295.71 1127.36 1128.68 1179.24 1251.58 1110.79 1157.56 1142.81 1170.64 1203.45 1235.86 0 1219.84 1206.92 1268.05 1152.32 1169.96 1112.6 1210.61 1158.42 1188.39 1205.54 1206.85 1554.56 1532.11 1447.5 1505.43
1749.4 1105.61 1344.67 949.234 1014.43 920.359 1025.3 1000.47 962.442 971.268 988.743 1037.18 1023.06 971.732 1219.84 0 1058.53 1174.82 987.132 1002.62 999.859 950.752 876.331 965.745 1005.56 1060.09 1470.59 1440.97 1437.23 1500.46
1482.14 1282.09 1284.91 1032.79 900.124 914.085 1018.63 1018.94 863.836 957.86 931.077 963.497 1000.76 999.967 1206.92 1058.53 0 1079.31 916.839 926.141 952.628 996.199 1026.83 1023.08 963.918 1001.24 1374.74 1368.77 1583.95 1349.67
1512.64 1390.39 1375.2 1111.28 1026.48 945.971 1064.56 1001.43 958.664 1015.11 1047.13 989.635 1027.41 853.913 1268.05 1174.82 1079.31 0 1067.92 963.189 1051.88 969.625 943.384 980.892 1036.45 1106.64 1428.03 1396.18 1555.52 1472.14
1594.07 1284.22 1139 819.084 794.079 740.861 828.078 876.052 742.031 957.603 801.255 823.367 864.909 859.61 1152.32 987.132 916.839 1067.92 0 783.38 785.763 810.604 861.591 862.773 800.31 912.771 1440.33 1416.63 1617.1 1429.91
1604.59 1253.43 1111.36 873.599 768.449 748.906 775.806 750.932 731.989 833.203 720.954 742.668 828.166 793.535 1169.96 1002.62 926.141 963.189 783.38 0 801.942 735 774.32 774.302 798.242 866.441 1423.92 1415.43 1661.16 1430.79
1589.96 1268.3 1168.47 847.604 581.12 506.132 717.192 841.807 734.306 925.715 754.384 868.202 788.175 889.628 1112.6 999.859 952.628 1051.88 785.763 801.942 0 852.534 876.739 846.56 719.497 951.231 1430.34 1405.61 1660.39 1438.81
1615.87 1289.29 1170.73 818.411 820.039 836.819 791.128 721.071 849.207 805.467 818.517 778.161 744.362 747.799 1210.61 950.752 996.199 969.625 810.604 735 852.534 0 714.462 634.293 744.633 903.609 1452.8 1433.42 1610.6 1464.25
1691.24 1305.17 1249.61 859.749 846.435 819.677 844.052 762.153 810.897 863.75 876.459 769.9 834.819 639.978 1158.42 876.331 1026.83 943.384 861.591 774.32 876.739 714.462 0 723.493 785.573 927.747 1494.39 1479.46 1663.83 1544.86
1669.68 1286.51 1236.45 794.346 817.614 802.018 798.114 661.38 837.782 840.468 870.841 822.235 710.542 690.957 1188.39 965.745 1023.08 980.892 862.773 774.302 846.56 634.293 723.493 0 748.619 872.799 1415.61 1401.93 1563.53 1461.4
1589.61 1273.5 1176.14 706.042 717.424 680.083 707.469 764.61 747.028 908.061 811.954 861.558 766.422 834.475 1205.54 1005.56 963.918 1036.45 800.31 798.242 719.497 744.633 785.573 748.619 0 905.458 1384.42 1372.49 1582.27 1419.97
1586.07 1238.55 1175.58 913.413 908.623 895.263 887.894 948.259 864.196 888.163 916.644 886.816 918.987 900.887 1206.85 1060.09 1001.24 1106.64 912.771 866.441 951.231 903.609 927.747 872.799 905.458 0 1386.85 1384.1 1582.75 1392.18
1097.44 1450.33 1299.94 1467.09 1385.66 1376.5 1422.24 1494.3 1435.65 1416.22 1405.55 1485.07 1494.91 1565.83 1554.56 1470.59 1374.74 1428.03 1440.33 1423.92 1430.34 1452.8 1494.39 1415.61 1384.42 1386.85 0 68.9084 1108.43 407.696
1108.89 1426.82 1283.05 1459.09 1363.46 1353.33 1400.46 1476.37 1424.18 1405.6 1385.54 1470.04 1476.98 1537.36 1532.11 1440.97 1368.77 1396.18 1416.63 1415.43 1405.61 1433.42 1479.46 1401.93 1372.49 1384.1 68.9084 0 1078.7 462.041
1633.16 1109.56 1630.74 1563.2 1645.12 1583.83 1582.35 1609.55 1665 1641.66 1659.8 1659.6 1603.36 1691.72 1447.5 1437.23 1583.95 1555.52 1617.1 1661.16 1660.39 1610.6 1663.83 1563.53 1582.27 1582.75 1108.43 1078.7 0 1173.41
1078.69 1423.79 1256.81 1481.56 1423.8 1417.23 1482.62 1491.07 1434.96 1431.68 1423.52 1478.35 1507.41 1585.94 1505.43 1500.46 1349.67 1472.14 1429.91 1430.79 1438.81 1464.25 1544.86 1461.4 1419.97 1392.18 407.696 462.041 1173.41 0
