0 1625.67 1097.33 1611.83 1591.78 1545.92 1619.95 1655.4 1494.35 1729.51 1523.2 1579.97 1650.03 1678.65 1882.19 1749.4 1482.14 1512.64 1594.07 1604.59 1589.96 1615.87 1691.24 1669.68 1589.61 1586.07 1097.44 1108.89 1633.16 1078.69 991.814 1150.79 1607.79 1800.55 1385.44 1373.83 2013.19 1246.21 1321.75 1670.62
1625.67 0 1366.8 1308.68 1269.04 1280.71 1270.67 1338.27 1222.67 1355.65 1202.72 1229.99 1350.44 1311.14 1223.26 1105.61 1282.09 1390.39 1284.22 1253.43 1268.3 1289.29 1305.17 1286.51 1273.5 1238.55 1450.33 1426.82 1109.56 1423.79 1554.34 1499.42 1393.62 1239.14 1368.31 1524.54 1309.79 1448.74 1456.51 1327.68
1097.33 1366.8 0 1201.1 1201.75 1227.04 1203.68 1193.38 1194.01 1317.46 1138.78 1174.63 1235.47 1233.97 1485.06 1344.67 1284.91 1375.2 1139 1111.36 1168.47 1170.73 1249.61 1236.45 1176.14 1175.58 1299.94 1283.05 1630.74 1256.81 1236.67 1363.69 1301.51 1548.4 1357.01 1276.71 1715.37 1233.81 1299.49 1312.71
1611.83 1308.68 1201.1 0 823.984 807.532 739.515 793.876 863.122 1004.03 878.507 903.325 838.087 881.613 1295.71 949.234 1032.79 1111.28 819.084 873.599 847.604 818.411 859.749 794.346 706.042 913.413 1467.09 1459.09 1563.2 1481.56 1375.95 1301.65 1219.21 1512.7 1214.04 1377.42 1599.79 1155.85 1262.46 1182.19
1591.78 1269.04 1201.75 823.984 0 571.816 705.621 801.633 722.438 914.219 768.039 823.28 821.956 835.126 1127.36 1014.43 900.124 1026.48 794.079 768.449 581.12 820.039 846.435 817.614 717.424 908.623 1385.66 1363.46 1645.12 1423.8 1297.15 1270.77 1202.31 1492.18 1068.91 1211.46 1656.73 1234.54 1307.14 1116.34
1545.92 1280.71 1227.04 807.532 571.816 0 726.643 815.494 722.958 873.39 783.678 831.944 786.623 798.699 1128.68 920.359 914.085 945.971 740.861 748.906 506.132 836.819 819.677 802.018 680.083 895.263 1376.5 1353.33 1583.83 1417.23 1234.91 1216.93 1196 1448.48 1077.35 1206.02 1610.46 1262.8 1287.84 1076.29
1619.95 1270.67 1203.68 739.515 705.621 726.643 0 784.349 797.478 954.531 709.469 856.127 795.667 869.177 1179.24 1025.3 1018.63 1064.56 828.078 775.806 717.192 791.128 844.052 798.114 707.469 887.894 1422.24 1400.46 1582.35 1482.62 1325.79 1307.86 1218.95 1518.5 1148.65 1329.56 1609.95 1274.69 1283.39 1151.27
1655.4 1338.27 1193.38 793.876 801.633 815.494 784.349 0 857.359 952.585 881.07 840.402 708.755 728.514 1251.58 1000.47 1018.94 1001.43 876.052 750.932 841.807 721.071 762.153 661.38 764.61 948.259 1494.3 1476.37 1609.55 1491.07 1350.19 1315.55 1199.77 1558.97 1125.52 1303.92 1707.09 1239.15 1290.67 1230.33
1494.35 1222.67 1194.01 863.122 722.438 722.958 797.478 857.359 0 849.12 747.398 756.453 832.148 817.143 1110.79 962.442 863.836 958.664 742.031 731.989 734.306 849.207 810.897 837.782 747.028 864.196 1435.65 1424.18 1665 1434.96 1295.68 1251.6 1176.11 1549.48 1105.2 1230.82 1717.33 1196.97 1222.4 1102.99
1729.51 1355.65 1317.46 1004.03 914.219 873.39 954.531 952.585 849.12 0 958.419 892.137 898.311 834.538 1157.56 971.268 957.86 1015.11 957.603 833.203 925.715 805.467 863.75 840.468 908.061 888.163 1416.22 1405.6 1641.66 1431.68 1362.42 1346.71 1151.78 1420.3 1154.71 1354.12 1682.8 1243.77 1250.1 921.359
1523.2 1202.72 1138.78 878.507 768.039 783.678 709.469 881.07 747.398 958.419 0 773.623 865.737 870.487 1142.81 988.743 931.077 1047.13 801.255 720.954 754.384 818.517 876.459 870.841 811.954 916.644 1405.55 1385.54 1659.8 1423.52 1312.88 1324.29 1155.71 1524.91 1159.98 1266.12 1671.85 1240.52 1290.3 1104.03
1579.97 1229.99 1174.63 903.325 823.28 831.944 856.127 840.402 756.453 892.137 773.623 0 868.969 808.839 1170.64 1037.18 963.497 989.635 823.367 742.668 868.202 778.161 769.9 822.235 861.558 886.816 1485.07 1470.04 1659.6 1478.35 1304.86 1358.88 1129.38 1558.33 1091.38 1279.07 1766.7 1250.59 1273.61 1140.69
1650.03 1350.44 1235.47 838.087 821.956 786.623 795.667 708.755 832.148 898.311 865.737 868.969 0 816.108 1203.45 1023.06 1000.76 1027.41 864.909 828.166 788.175 744.362 834.819 710.542 766.422 918.987 1494.91 1476.98 1603.36 1507.41 1365.06 1312.01 1235.68 1534.57 1152.28 1340.34 1626.02 1293.31 1288.22 1107.99
1678.65 1311.14 1233.97 881.613 835.126 798.699 869.177 728.514 817.143 834.538 870.487 808.839 816.108 0 1235.86 971.732 999.967 853.913 859.61 793.535 889.628 747.799 639.978 690.957 834.475 900.887 1565.83 1537.36 1691.72 1585.94 1376.28 1374.18 1208.17 1604.62 1132.91 1258.86 1731.88 1282.47 1312.54 1198.36
1882.19 1223.26 1485.06 1295.71 1127.36 1128.68 1179.24 1251.58 1110.79 1157.56 1142.81 1170.64 1203.45 1235.86 0 1219.84 1206.92 1268.05 1152.32 1169.96 1112.6 1210.61 1158.42 1188.39 1205.54 1206.85 1554.56 1532.11 1447.5 1505.43 1640.33 1534.07 1235.8 1153.02 1310.62 1367.23 1132.9 1474.34 1427.7 1189.45
1749.4 1105.61 1344.67 949.234 1014.43 920.359 1025.3 1000.47 962.442 971.268 988.743 1037.18 1023.06 971.732 1219.84 0 1058.53 1174.82 987.132 1002.62 999.859 950.752 876.331 965.745 1005.56 1060.09 1470.59 1440.97 1437.23 1500.46 1464.29 1317.65 1278.37 1417.3 1166.8 1403.01 1378.39 1302.86 1341.23 1274.46
1482.14 1282.09 1284.91 1032.79 900.124 914.085 1018.63 1018.94 863.836 957.86 931.077 963.497 1000.76 999.967 1206.92 1058.53 0 1079.31 916.839 926.141 952.628 996.199 1026.83 1023.08 963.918 1001.24 1374.74 1368.77 1583.95 1349.67 1274.95 1216.57 1148.44 1502.87 1098.02 1239.29 1621.81 1108.25 1130.89 1141.32
1512.64 1390.39 1375.2 1111.28 1026.48 945.971 1064.56 1001.43 958.664 1015.11 1047.13 989.635 1027.41 853.913 1268.05 1174.82 1079.31 0 1067.92 963.189 1051.88 969.625 943.384 980.892 1036.45 1106.64 1428.03 1396.18 1555.52 1472.14 1236.59 1275.3 1274.85 1463.63 1062.03 1204.54 1631.52 1276.31 1253.54 1192.67
1594.07 1284.22 1139 819.084 794.079 740.861 828.078 876.052 742.031 957.603 801.255 823.367 864.909 859.61 1152.32 987.132 916.839 1067.92 0 783.38 785.763 810.604 861.591 862.773 800.31 912.771 1440.33 1416.63 1617.1 1429.91 1322.92 1254.2 1196.81 1455.04 1165.42 1308.45 1679.46 1148.46 1186.04 1125.85
1604.59 1253.43 1111.36 873.599 768.449 748.906 775.806 750.932 731.989 833.203 720.954 742.668 828.166 793.535 1169.96 1002.62 926.141 963.189 783.38 0 801.942 735 774.32 774.302 798.242 866.441 1423.92 1415.43 1661.16 1430.79 1335.47 1306.92 1128.75 1495.56 1189.89 1257.65 1676.05 1176.49 1201.47 1029.28
1589.96 1268.3 1168.47 847.604 581.12 506.132 717.192 841.807 734.306 925.715 754.384 868.202 788.175 889.628 1112.6 999.859 952.628 1051.88 785.763 801.942 0 852.534 876.739 846.56 719.497 951.231 1430.34 1405.61 1660.39 1438.81 1292.48 1266.84 1178.84 1424.84 1119.27 1257.06 1622.42 1271.43 1327.2 1053.27
1615.87 1289.29 1170.73 818.411 820.039 836.819 791.128 721.071 849.207 805.467 818.517 778.161 744.362 747.799 1210.61 950.752 996.199 969.625 810.604 735 852.534 0 714.462 634.293 744.633 903.609 1452.8 1433.42 1610.6 1464.25 1318.47 1350.14 1144.73 1515.78 1116.55 1308.96 1692.88 1194.42 1224.48 1081.74
1691.24 1305.17 1249.61 859.749 846.435 819.677 844.052 762.153 810.897 863.75 876.459 769.9 834.819 639.978 1158.42 876.331 1026.83 943.384 861.591 774.32 876.739 714.462 0 723.493 785.573 927.747 1494.39 1479.46 1663.83 1544.86 1336.7 1361.72 1241.99 1590.75 1157.71 1282.28 1764.1 1289.93 1321.52 1201.21
1669.68 1286.51 1236.45 794.346 817.614 802.018 798.114 661.38 837.782 840.468 870.841 822.235 710.542 690.957 1188.39 965.745 1023.08 980.892 862.773 774.302 846.56 634.293 723.493 0 748.619 872.799 1415.61 1401.93 1563.53 1461.4 1381.85 1312.42 1173.05 1495.69 1155.67 1362.56 1672.13 1261.44 1286.49 1149.95
1589.61 1273.5 1176.14 706.042 717.424 680.083 707.469 764.61 747.028 908.061 811.954 861.558 766.422 834.475 1205.54 1005.56 963.918 1036.45 800.31 798.242 719.497 744.633 785.573 748.619 0 905.458 1384.42 1372.49 1582.27 1419.97 1291.24 1247.67 1214.05 1519.8 1173.59 1304.59 1646.17 1199.44 1255.3 1120.75
1586.07 1238.55 1175.58 913.413 908.623 895.263 887.894 948.259 864.196 888.163 916.644 886.816 918.987 900.887 1206.85 1060.09 1001.24 1106.64 912.771 866.441 951.231 903.609 927.747 872.799 905.458 0 1386.85 1384.1 1582.75 1392.18 1333.42 1254.15 1129.84 1461.91 1194.13 1335.28 1640.6 1174.41 1179.24 1015.87
1097.44 1450.33 1299.94 1467.09 1385.66 1376.5 1422.24 1494.3 1435.65 1416.22 1405.55 1485.07 1494.91 1565.83 1554.56 1470.59 1374.74 1428.03 1440.33 1423.92 1430.34 1452.8 1494.39 1415.61 1384.42 1386.85 0 68.9084 1108.43 407.696 923.193 843.813 1360.02 1369.34 1316.38 1165.7 1503.39 1201.53 1245.18 1418.58
1108.89 1426.82 1283.05 1459.09 1363.46 1353.33 1400.46 1476.37 1424.18 1405.6 1385.54 1470.04 1476.98 1537.36 1532.11 1440.97 1368.77 1396.18 1416.63 1415.43 1405.61 1433.42 1479.46 1401.93 1372.49 1384.1 68.9084 0 1078.7 462.041 903.486 854.103 1347.71 1343.08 1291.53 1175.88 1477.75 1205.13 1230.74 1402.89
1633.16 1109.56 1630.74 1563.2 1645.12 1583.83 1582.35 1609.55 1665 1641.66 1659.8 1659.6 1603.36 1691.72 1447.5 1437.23 1583.95 1555.52 1617.1 1661.16 1660.39 1610.6 1663.83 1563.53 1582.27 1582.75 1108.43 1078.7 0 1173.41 1506.01 1324.97 1648.66 1049.63 1466.25 1562.76 971.412 1456.01 1459.11 1637.96
1078.69 1423.79 1256.81 1481.56 1423.8 1417.23 1482.62 1491.07 1434.96 1431.68 1423.52 1478.35 1507.41 1585.94 1505.43 1500.46 1349.67 1472.14 1429.91 1430.79 1438.81 1464.25 1544.86 1461.4 1419.97 1392.18 407.696 462.041 1173.41 0 965.038 913.637 1426.81 1355.02 1386.49 1185.35 1519.33 1161.57 1176.63 1440.52
991.814 1554.34 1236.67 1375.95 1297.15 1234.91 1325.79 1350.19 1295.68 1362.42 1312.88 1304.86 1365.06 1376.28 1640.33 1464.29 1274.95 1236.59 1322.92 1335.47 1292.48 1318.47 1336.7 1381.85 1291.24 1333.42 923.193 903.486 1506.01 965.038 0 592.087 1344.73 1533.61 1233.34 1040.02 1780.11 1034.52 1102.89 1425.33
1150.79 1499.42 1363.69 1301.65 1270.77 1216.93 1307.86 1315.55 1251.6 1346.71 1324.29 1358.88 1312.01 1374.18 1534.07 1317.65 1216.57 1275.3 1254.2 1306.92 1266.84 1350.14 1361.72 1312.42 1247.67 1254.15 843.813 854.103 1324.97 913.637 592.087 0 1184.79 1397.2 1266.81 1049.58 1598.5 984.827 1037.95 1329.75
1607.79 1393.62 1301.51 1219.21 1202.31 1196 1218.95 1199.77 1176.11 1151.78 1155.71 1129.38 1235.68 1208.17 1235.8 1278.37 1148.44 1274.85 1196.81 1128.75 1178.84 1144.73 1241.99 1173.05 1214.05 1129.84 1360.02 1347.71 1648.66 1426.81 1344.73 1184.79 0 1463.01 1292.82 983.637 1648.67 1164.08 1186.15 1141.33
1800.55 1239.14 1548.4 1512.7 1492.18 1448.48 1518.5 1558.97 1549.48 1420.3 1524.91 1558.33 1534.57 1604.62 1153.02 1417.3 1502.87 1463.63 1455.04 1495.56 1424.84 1515.78 1590.75 1495.69 1519.8 1461.91 1369.34 1343.08 1049.63 1355.02 1533.61 1397.2 1463.01 0 1475.15 1441.28 773.01 1503.48 1405.12 1141.91
1385.44 1368.31 1357.01 1214.04 1068.91 1077.35 1148.65 1125.52 1105.2 1154.71 1159.98 1091.38 1152.28 1132.91 1310.62 1166.8 1098.02 1062.03 1165.42 1189.89 1119.27 1116.55 1157.71 1155.67 1173.59 1194.13 1316.38 1291.53 1466.25 1386.49 1233.34 1266.81 1292.82 1475.15 0 1132.8 1543.89 1294.24 1278.56 1286.79
1373.83 1524.54 1276.71 1377.42 1211.46 1206.02 1329.56 1303.92 1230.82 1354.12 1266.12 1279.07 1340.34 1258.86 1367.23 1403.01 1239.29 1204.54 1308.45 1257.65 1257.06 1308.96 1282.28 1362.56 1304.59 1335.28 1165.7 1175.88 1562.76 1185.35 1040.02 1049.58 983.637 1441.28 1132.8 0 1544.39 1212.87 1303.44 1324.44
2013.19 1309.79 1715.37 1599.79 1656.73 1610.46 1609.95 1707.09 1717.33 1682.8 1671.85 1766.7 1626.02 1731.88 1132.9 1378.39 1621.81 1631.52 1679.46 1676.05 1622.42 1692.88 1764.1 1672.13 1646.17 1640.6 1503.39 1477.75 971.412 1519.33 1780.11 1598.5 1648.67 773.01 1543.89 1544.39 0 1692 1578.09 1471.16
1246.21 1448.74 1233.81 1155.85 1234.54 1262.8 1274.69 1239.15 1196.97 1243.77 1240.52 1250.59 1293.31 1282.47 1474.34 1302.86 1108.25 1276.31 1148.46 1176.49 1271.43 1194.42 1289.93 1261.44 1199.44 1174.41 1201.53 1205.13 1456.01 1161.57 1034.52 984.827 1164.08 1503.48 1294.24 1212.87 1692 0 409.888 1317.43
1321.75 1456.51 1299.49 1262.46 1307.14 1287.84 1283.39 1290.67 1222.4 1250.1 1290.3 1273.61 1288.22 1312.54 1427.7 1341.23 1130.89 1253.54 1186.04 1201.47 1327.2 1224.48 1321.52 1286.49 1255.3 1179.24 1245.18 1230.74 1459.11 1176.63 1102.89 1037.95 1186.15 1405.12 1278.56 1303.44 1578.09 409.888 0 1249.77
1670.62 1327.68 1312.71 1182.19 1116.34 1076.29 1151.27 1230.33 1102.99 921.359 1104.03 1140.69 1107.99 1198.36 1189.45 1274.46 1141.32 1192.67 1125.85 1029.28 1053.27 1081.74 1201.21 1149.95 1120.75 1015.87 1418.58 1402.89 1637.96 1440.52 1425.33 1329.75 1141.33 1141.91 1286.79 1324.44 1471.16 1317.43 1249.77 0
