1	0.498138	0.653456	0.540215	0.538025	0.535723	0.52968	0.531551	0.552	0.504994	0.53689	0.531944	0.520814	0.515972	0.459997	0.471715	0.555797	0.549669	0.536352	0.535849	0.538672	0.527516	0.492578	0.512493	0.543212	0.540043
0.498138	1	0.595375	0.638181	0.649896	0.654881	0.647097	0.636801	0.654241	0.611163	0.669639	0.648075	0.632638	0.642554	0.658254	0.650278	0.629399	0.608769	0.645961	0.656633	0.643233	0.649293	0.645087	0.638897	0.64652	0.630638
0.653456	0.595375	1	0.653028	0.658317	0.649609	0.658305	0.666559	0.657553	0.622671	0.669346	0.65917	0.651083	0.648971	0.562473	0.59329	0.637154	0.617716	0.672244	0.68233	0.663448	0.672347	0.637703	0.645785	0.662772	0.650661
0.540215	0.638181	0.653028	1	0.748546	0.757483	0.771316	0.762269	0.744384	0.686163	0.744049	0.732698	0.744657	0.737741	0.631677	0.657073	0.703648	0.68383	0.746514	0.74432	0.74595	0.746991	0.725181	0.744787	0.780763	0.701061
0.538025	0.649896	0.658317	0.748546	1	0.823255	0.779734	0.758384	0.779259	0.707935	0.776629	0.752338	0.756125	0.750365	0.66612	0.662781	0.724057	0.695529	0.765386	0.772081	0.818948	0.761156	0.740456	0.756824	0.785339	0.717722
0.535723	0.654881	0.649609	0.757483	0.823255	1	0.774213	0.763551	0.779904	0.719001	0.767838	0.754581	0.760958	0.759506	0.6671	0.677201	0.720871	0.711349	0.779223	0.779014	0.836655	0.755055	0.747461	0.759208	0.793403	0.714285
0.52968	0.647097	0.658305	0.771316	0.779734	0.774213	1	0.769407	0.763656	0.704036	0.778807	0.752084	0.756251	0.742273	0.648236	0.650768	0.706558	0.69353	0.755644	0.766873	0.779711	0.766868	0.733756	0.754688	0.783749	0.708947
0.531551	0.636801	0.666559	0.762269	0.758384	0.763551	0.769407	1	0.752039	0.713117	0.751749	0.757012	0.782955	0.779071	0.645381	0.664559	0.707598	0.701709	0.749971	0.780057	0.754217	0.778523	0.757986	0.790866	0.770983	0.696753
0.552	0.654241	0.657553	0.744384	0.779259	0.779904	0.763656	0.752039	1	0.731817	0.772115	0.765681	0.755851	0.756457	0.663466	0.663025	0.732052	0.705944	0.768028	0.780785	0.777571	0.758663	0.748839	0.750196	0.7673	0.720945
0.504994	0.611163	0.622671	0.686163	0.707935	0.719001	0.704036	0.713117	0.731817	1	0.710298	0.714246	0.720266	0.74501	0.648459	0.659092	0.702277	0.694435	0.701592	0.731959	0.711325	0.735775	0.734093	0.732858	0.71548	0.747319
0.53689	0.669639	0.669346	0.744049	0.776629	0.767838	0.778807	0.751749	0.772115	0.710298	1	0.782141	0.75378	0.759048	0.665211	0.674318	0.725457	0.702114	0.762785	0.78781	0.774436	0.768834	0.751799	0.750796	0.766742	0.715015
0.531944	0.648075	0.65917	0.732698	0.752338	0.754581	0.752084	0.757012	0.765681	0.714246	0.782141	1	0.752588	0.762349	0.651748	0.65469	0.713834	0.709629	0.7471	0.770135	0.738414	0.772399	0.757608	0.754109	0.739548	0.704962
0.520814	0.632638	0.651083	0.744657	0.756125	0.760958	0.756251	0.782955	0.755851	0.720266	0.75378	0.752588	1	0.759046	0.643736	0.661381	0.710157	0.698495	0.744968	0.759263	0.76438	0.771723	0.745639	0.778487	0.757819	0.714834
0.515972	0.642554	0.648971	0.737741	0.750365	0.759506	0.742273	0.779071	0.756457	0.74501	0.759048	0.762349	0.759046	1	0.653451	0.662572	0.706352	0.757091	0.750262	0.75848	0.745952	0.775067	0.797396	0.786602	0.750076	0.712986
0.459997	0.658254	0.562473	0.631677	0.66612	0.6671	0.648236	0.645381	0.663466	0.648459	0.665211	0.651748	0.643736	0.653451	1	0.626112	0.637505	0.631553	0.669145	0.652294	0.664172	0.653371	0.665188	0.65364	0.649469	0.636141
0.471715	0.650278	0.59329	0.657073	0.662781	0.677201	0.650768	0.664559	0.663025	0.659092	0.674318	0.65469	0.661381	0.662572	0.626112	1	0.638336	0.615294	0.658769	0.658193	0.663885	0.667933	0.689449	0.672586	0.654595	0.642863
0.555797	0.629399	0.637154	0.703648	0.724057	0.720871	0.706558	0.707598	0.732052	0.702277	0.725457	0.713834	0.710157	0.706352	0.637505	0.638336	1	0.679001	0.727102	0.726437	0.717496	0.716442	0.702592	0.707021	0.714915	0.688988
0.549669	0.608769	0.617716	0.68383	0.695529	0.711349	0.69353	0.701709	0.705944	0.694435	0.702114	0.709629	0.698495	0.757091	0.631553	0.615294	0.679001	1	0.694127	0.710118	0.693075	0.705472	0.719109	0.708035	0.699588	0.681704
0.536352	0.645961	0.672244	0.746514	0.765386	0.779223	0.755644	0.749971	0.768028	0.701592	0.762785	0.7471	0.744968	0.750262	0.669145	0.658769	0.727102	0.694127	1	0.766221	0.770135	0.757085	0.739644	0.748927	0.76368	0.712914
0.535849	0.656633	0.68233	0.74432	0.772081	0.779014	0.766873	0.780057	0.780785	0.731959	0.78781	0.770135	0.759263	0.75848	0.652294	0.658193	0.726437	0.710118	0.766221	1	0.768997	0.78495	0.756473	0.762648	0.768533	0.727684
0.538672	0.643233	0.663448	0.74595	0.818948	0.836655	0.779711	0.754217	0.777571	0.711325	0.774436	0.738414	0.76438	0.745952	0.664172	0.663885	0.717496	0.693075	0.770135	0.768997	1	0.758281	0.73994	0.75305	0.78638	0.716779
0.527516	0.649293	0.672347	0.746991	0.761156	0.755055	0.766868	0.778523	0.758663	0.735775	0.768834	0.772399	0.771723	0.775067	0.653371	0.667933	0.716442	0.705472	0.757085	0.78495	0.758281	1	0.770552	0.789458	0.772791	0.718103
0.492578	0.645087	0.637703	0.725181	0.740456	0.747461	0.733756	0.757986	0.748839	0.734093	0.751799	0.757608	0.745639	0.797396	0.665188	0.689449	0.702592	0.719109	0.739644	0.756473	0.73994	0.770552	1	0.763325	0.753842	0.705683
0.512493	0.638897	0.645785	0.744787	0.756824	0.759208	0.754688	0.790866	0.750196	0.732858	0.750796	0.754109	0.778487	0.786602	0.65364	0.672586	0.707021	0.708035	0.748927	0.762648	0.75305	0.789458	0.763325	1	0.764362	0.718595
0.543212	0.64652	0.662772	0.780763	0.785339	0.793403	0.783749	0.770983	0.7673	0.71548	0.766742	0.739548	0.757819	0.750076	0.649469	0.654595	0.714915	0.699588	0.76368	0.768533	0.78638	0.772791	0.753842	0.764362	1	0.709687
0.540043	0.630638	0.650661	0.701061	0.717722	0.714285	0.708947	0.696753	0.720945	0.747319	0.715015	0.704962	0.714834	0.712986	0.636141	0.642863	0.688988	0.681704	0.712914	0.727684	0.716779	0.718103	0.705683	0.718595	0.709687	1
