0	3001.14	2072.33	2749.51	2762.61	2776.38	2812.51	2801.33	2679.04	2960.14	2769.4	2798.98	2865.53	2894.49	3229.22	3159.15	2656.33	2692.98	2772.61	2775.62	2758.74	2825.46	3034.39	2915.29	2731.59	2750.54
3001.14	0	2419.66	2163.68	2093.62	2063.81	2110.36	2171.93	2067.64	2325.24	1975.56	2104.51	2196.82	2137.53	2043.64	2091.34	2216.19	2339.56	2117.15	2053.33	2133.46	2097.22	2122.38	2159.4	2113.81	2208.78
2072.33	2419.66	0	2074.89	2043.27	2095.34	2043.33	1993.98	2047.83	2256.43	1977.31	2038.17	2086.52	2099.15	2616.41	2432.13	2169.82	2286.06	1959.98	1899.67	2012.58	1959.37	2166.54	2118.2	2016.63	2089.05
2749.51	2163.68	2074.89	0	1503.69	1450.25	1367.53	1421.63	1528.58	1876.74	1530.59	1598.46	1526.95	1568.31	2202.57	2050.7	1772.18	1890.7	1515.84	1528.97	1519.22	1512.99	1643.42	1526.17	1311.04	1787.65
2762.61	2093.62	2043.27	1503.69	0	1056.94	1317.19	1444.87	1320.03	1746.55	1335.76	1481.02	1458.37	1492.81	1996.6	2016.57	1650.14	1820.74	1402.99	1362.96	1082.69	1428.29	1552.07	1454.19	1283.67	1688.02
2776.38	2063.81	2095.34	1450.25	1056.94	0	1350.21	1413.96	1316.17	1680.37	1388.33	1467.61	1429.47	1438.15	1990.74	1930.34	1669.19	1726.13	1320.24	1321.49	976.803	1464.77	1510.18	1439.94	1235.45	1708.58
2812.51	2110.36	2043.33	1367.53	1317.19	1350.21	0	1378.95	1413.34	1769.86	1322.74	1482.54	1457.62	1541.21	2103.55	2088.41	1754.78	1832.69	1461.25	1394.1	1317.33	1394.13	1592.14	1466.97	1293.18	1740.5
2801.33	2171.93	1993.98	1421.63	1444.87	1413.96	1378.95	0	1482.8	1715.56	1484.54	1453.07	1297.93	1321.16	2120.62	2005.93	1748.56	1783.78	1495.17	1315.26	1469.78	1324.43	1447.24	1250.62	1369.52	1813.42
2679.04	2067.64	2047.83	1528.58	1320.03	1316.17	1413.34	1482.8	0	1603.74	1362.75	1401.23	1460.01	1456.39	2012.48	2015.11	1602.33	1758.45	1387.19	1310.91	1330.13	1443.2	1501.95	1493.83	1391.55	1668.75
2960.14	2325.24	2256.43	1876.74	1746.55	1680.37	1769.86	1715.56	1603.74	0	1732.42	1708.81	1672.81	1524.84	2102.22	2038.63	1780.39	1827.28	1784.48	1602.88	1726.28	1580.07	1590.13	1597.51	1701.43	1511.03
2769.4	1975.56	1977.31	1530.59	1335.76	1388.33	1322.74	1484.54	1362.75	1732.42	0	1302.8	1472.39	1440.89	2002.04	1947.58	1641.77	1781.36	1418.54	1268.9	1348.87	1382.38	1484.24	1490.24	1394.88	1704.21
2798.98	2104.51	2038.17	1598.46	1481.02	1467.61	1482.54	1453.07	1401.23	1708.81	1302.8	0	1479.53	1421.15	2082.55	2064.96	1711.27	1736.42	1512.34	1374.6	1564.28	1361.05	1449.5	1470.43	1557.5	1764.33
2865.53	2196.82	2086.52	1526.95	1458.37	1429.47	1457.62	1297.93	1460.01	1672.81	1472.39	1479.53	0	1440.9	2130.46	2024.94	1733.26	1803	1525.09	1439.61	1409.01	1365.09	1521.08	1324.65	1448.24	1705.29
2894.49	2137.53	2099.15	1568.31	1492.81	1438.15	1541.21	1321.16	1456.39	1524.84	1440.89	1421.15	1440.9	0	2072.37	2017.82	1756.01	1452.6	1493.43	1444.29	1519.2	1345.1	1211.57	1276.12	1494.55	1716.34
3229.22	2043.64	2616.41	2202.57	1996.6	1990.74	2103.55	2120.62	2012.48	2102.22	2002.04	2082.55	2130.46	2072.37	0	2235.85	2167.72	2203.31	1978.51	2079.28	2008.25	2072.84	2002.17	2071.23	2096.17	2175.88
3159.15	2091.34	2432.13	2050.7	2016.57	1930.34	2088.41	2005.93	2015.11	2038.63	1947.58	2064.96	2024.94	2017.82	2235.85	0	2162.75	2300.54	2040.56	2044.01	2009.97	1985.76	1857.1	1957.93	2065.52	2135.68
2656.33	2216.19	2169.82	1772.18	1650.14	1669.19	1754.78	1748.56	1602.33	1780.39	1641.77	1711.27	1733.26	1756.01	2167.72	2162.75	0	1919.58	1631.93	1635.91	1689.37	1695.68	1778.5	1752.01	1704.81	1859.85
2692.98	2339.56	2286.06	1890.7	1820.74	1726.13	1832.69	1783.78	1758.45	1827.28	1781.36	1736.42	1803	1452.6	2203.31	2300.54	1919.58	0	1829.12	1733.49	1835.41	1761.28	1679.73	1745.95	1796.47	1903.41
2772.61	2117.15	1959.98	1515.84	1402.99	1320.24	1461.25	1495.17	1387.19	1784.48	1418.54	1512.34	1525.09	1493.43	1978.51	2040.56	1631.93	1829.12	0	1398	1374.59	1452.63	1556.93	1501.42	1413.19	1716.77
2775.62	2053.33	1899.67	1528.97	1362.96	1321.49	1394.1	1315.26	1310.91	1602.88	1268.9	1374.6	1439.61	1444.29	2079.28	2044.01	1635.91	1733.49	1398	0	1381.4	1286	1456.29	1419.37	1384.17	1628.45
2758.74	2133.46	2012.58	1519.22	1082.69	976.803	1317.33	1469.78	1330.13	1726.28	1348.87	1564.28	1409.01	1519.2	2008.25	2009.97	1689.37	1835.41	1374.59	1381.4	0	1445.48	1555.16	1476.76	1277.45	1693.66
2825.46	2097.22	1959.37	1512.99	1428.29	1464.77	1394.13	1324.43	1443.2	1580.07	1382.38	1361.05	1365.09	1345.1	2072.84	1985.76	1695.68	1761.28	1452.63	1286	1445.48	0	1372.1	1259.04	1358.71	1685.74
3034.39	2122.38	2166.54	1643.42	1552.07	1510.18	1592.14	1447.24	1501.95	1590.13	1484.24	1449.5	1521.08	1211.57	2002.17	1857.1	1778.5	1679.73	1556.93	1456.29	1555.16	1372.1	0	1415.31	1472.02	1760.02
2915.29	2159.4	2118.2	1526.17	1454.19	1439.94	1466.97	1250.62	1493.83	1597.51	1490.24	1470.43	1324.65	1276.12	2071.23	1957.93	1752.01	1745.95	1501.42	1419.37	1476.76	1259.04	1415.31	0	1409.11	1682.8
2731.59	2113.81	2016.63	1311.04	1283.67	1235.45	1293.18	1369.52	1391.55	1701.43	1394.88	1557.5	1448.24	1494.55	2096.17	2065.52	1704.81	1796.47	1413.19	1384.17	1277.45	1358.71	1472.02	1409.11	0	1736.07
2750.54	2208.78	2089.05	1787.65	1688.02	1708.58	1740.5	1813.42	1668.75	1511.03	1704.21	1764.33	1705.29	1716.34	2175.88	2135.68	1859.85	1903.41	1716.77	1628.45	1693.66	1685.74	1760.02	1682.8	1736.07	0
